3.453125
6.531250
0.789062
5.562500
4.562500
4.625000
5.875000
6.218750
1.218750
6.343750
10.000000
3.421875
8.812500
1.914062
1.476562
4.218750
9.500000
9.625000
9.062500
4.375000
8.812500
2.031250
1.398438
6.468750
9.125000
6.875000
8.687500
1.140625
4.968750
2.765625
4.843750
2.375000
8.437500
8.625000
4.843750
6.468750
10.000000
0.225586
7.843750
1.796875
10.000000
9.187500
1.671875
0.902344
9.250000
8.812500
1.742188
6.062500
1.335938
1.398438
6.531250
9.187500
10.000000
2.515625
7.843750
0.664062
5.656250
3.953125
2.062500
1.125000
4.187500
3.390625
1.453125
5.343750
10.000000
10.000000
2.718750
8.250000
2.390625
9.375000
1.828125
5.125000
3.828125
2.375000
7.968750
2.312500
2.640625
9.687500
8.062500
8.562500
3.203125
2.437500
0.917969
3.562500
7.843750
4.250000
2.671875
1.539062
6.812500
5.968750
2.390625
8.625000
8.062500
1.906250
2.656250
2.968750
9.875000
9.625000
5.906250
5.781250
9.000000
0.326172
8.875000
6.781250
9.062500
4.843750
9.687500
3.015625
8.250000
9.125000
4.500000
10.000000
8.875000
8.750000
0.640625
2.187500
8.312500
4.062500
1.570312
2.140625
0.707031
4.843750
3.031250
7.781250
6.937500
9.812500
3.843750
4.437500
5.562500
3.656250
2.859375
4.781250
8.062500
7.437500
7.500000
10.000000
7.250000
7.218750
7.218750
2.640625
7.281250
6.531250
0.449219
8.250000
3.343750
9.500000
9.750000
3.265625
3.656250
9.250000
7.843750
1.359375
7.031250
1.890625
3.109375
2.765625
3.625000
4.843750
3.484375
9.687500
1.601562
9.375000
9.062500
1.125000
7.156250
2.156250
7.906250
2.171875
2.140625
1.992188
8.562500
3.968750
5.812500
7.718750
4.187500
6.875000
0.225586
0.390625
4.625000
3.687500
3.218750
5.593750
0.225586
2.078125
7.937500
0.225586
8.625000
6.156250
9.312500
3.343750
9.437500
2.484375
9.312500
2.187500
4.031250
2.296875
0.225586
0.511719
3.796875
0.925781
8.875000
0.300781
0.225586
4.062500
9.375000
4.343750
7.656250
7.093750
6.937500
6.406250
0.225586
9.187500
9.312500
8.250000
1.429688
9.562500
9.250000
7.250000
4.437500
1.054688
1.609375
3.531250
5.218750
1.703125
0.414062
6.906250
8.500000
2.421875
8.125000
7.062500
1.820312
1.078125
10.000000
2.953125
7.187500
6.281250
3.562500
4.093750
2.296875
5.031250
5.281250
1.000000
3.171875
5.937500
10.000000
1.898438
9.062500
0.225586
0.937500
7.156250
2.734375
7.406250
3.156250
5.812500
8.437500
0.225586
7.125000
7.500000
5.656250
8.562500
7.093750
9.750000
1.210938
2.500000
8.937500
4.187500
8.375000
1.804688
5.531250
9.187500
3.468750
9.312500
1.914062
5.750000
3.078125
1.851562
3.078125
1.671875
6.750000
7.968750
7.437500
7.343750
7.343750
4.968750
2.687500
1.554688
8.500000
5.562500
8.312500
1.179688
1.273438
4.875000
8.437500
8.937500
6.750000
0.960938
9.937500
5.468750
9.187500
2.234375
3.750000
5.468750
1.828125
0.312500
1.195312
6.343750
1.492188
9.375000
3.625000
9.187500
1.476562
9.625000
1.609375
0.792969
0.734375
3.062500
2.296875
7.656250
1.078125
6.062500
9.750000
2.890625
1.304688
8.875000
8.875000
0.253906
6.093750
3.343750
2.437500
1.851562
8.687500
2.500000
7.875000
1.953125
8.000000
3.359375
4.906250
6.968750
9.187500
6.250000
9.937500
8.312500
0.339844
4.125000
8.500000
3.468750
6.156250
4.812500
3.046875
8.875000
0.324219
1.054688
5.468750
1.609375
7.000000
1.601562
2.640625
0.945312
0.593750
9.250000
4.406250
7.906250
9.375000
9.375000
0.960938
5.062500
9.062500
9.750000
4.156250
7.562500
2.640625
2.750000
0.261719
2.906250
4.687500
7.093750
4.281250
5.812500
9.000000
2.906250
0.310547
5.531250
2.609375
9.187500
9.812500
2.671875
10.000000
3.234375
0.427734
10.000000
2.812500
6.218750
1.875000
0.225586
8.437500
1.742188
1.171875
1.445312
0.225586
4.312500
7.093750
1.898438
8.437500
7.906250
6.375000
8.000000
8.062500
8.000000
6.937500
10.000000
1.773438
9.937500
3.406250
8.312500
8.500000
6.500000
1.218750
8.000000
7.656250
2.406250
0.225586
1.289062
6.218750
6.281250
3.218750
1.835938
9.937500
8.687500
6.062500
4.375000
1.359375
9.062500
9.750000
3.000000
8.375000
3.875000
9.250000
1.812500
4.125000
3.906250
1.648438
3.140625
9.750000
10.000000
8.562500
7.937500
0.225586
1.101562
1.398438
2.421875
4.406250
0.789062
10.000000
2.171875
8.562500
1.593750
6.687500
9.125000
8.625000
9.250000
2.328125
0.257812
1.171875
3.546875
9.437500
2.250000
0.225586
0.225586
3.015625
8.562500
1.296875
10.000000
3.312500
0.225586
7.781250
0.824219
9.062500
9.062500
1.882812
2.484375
1.164062
6.562500
8.875000
2.765625
0.316406
0.625000
7.406250
1.351562
9.000000
9.187500
2.578125
1.984375
1.078125
9.250000
1.210938
3.359375
10.000000
3.890625
9.250000
9.500000
9.250000
10.000000
9.187500
1.781250
2.031250
1.484375
4.968750
10.000000
9.375000
2.781250
6.000000
10.000000
1.656250
8.375000
2.500000
8.312500
4.562500
6.500000
2.546875
8.937500
1.257812
5.968750
3.296875
4.281250
2.953125
1.335938
3.484375
2.343750
0.225586
7.562500
3.562500
1.195312
6.437500
1.164062
2.968750
3.734375
7.781250
3.828125
4.875000
1.671875
5.562500
7.406250
0.225586
0.777344
2.000000
8.937500
1.085938
7.468750
3.531250
3.203125
0.539062
9.750000
6.156250
4.843750
7.250000
7.781250
0.494141
2.031250
1.476562
7.625000
4.531250
5.843750
9.312500
3.718750
1.828125
8.750000
2.687500
9.937500
9.250000
2.562500
0.225586
9.437500
1.671875
10.000000
10.000000
8.375000
1.921875
6.625000
1.046875
9.187500
6.562500
0.225586
7.468750
0.225586
8.312500
2.000000
3.515625
0.742188
10.000000
4.656250
3.546875
9.125000
2.375000
2.468750
9.875000
7.375000
6.187500
1.406250
2.218750
0.457031
3.296875
6.875000
8.750000
1.085938
2.375000
3.734375
9.250000
0.734375
7.593750
0.953125
2.984375
6.375000
4.093750
3.375000
3.171875
1.578125
1.335938
3.296875
3.265625
1.367188
5.968750
2.421875
7.906250
6.718750
10.000000
0.800781
4.343750
0.225586
10.000000
7.375000
9.312500
4.468750
9.375000
7.906250
3.765625
8.437500
2.046875
0.765625
2.281250
9.500000
3.703125
6.812500
1.320312
8.812500
4.343750
0.225586
4.406250
0.707031
5.375000
2.828125
4.125000
0.523438
1.367188
2.359375
1.921875
7.875000
7.937500
2.343750
0.886719
3.421875
3.078125
8.687500
0.225586
8.437500
1.945312
6.500000
0.225586
5.312500
2.937500
0.402344
3.046875
0.225586
10.000000
1.445312
4.000000
0.675781
1.875000
3.625000
9.750000
3.890625
0.625000
5.937500
2.984375
9.000000
3.859375
4.281250
7.343750
0.929688
8.250000
3.093750
2.109375
7.281250
4.375000
8.437500
9.875000
9.437500
7.500000
2.093750
0.703125
5.687500
8.937500
0.225586
3.812500
7.687500
0.656250
2.906250
0.225586
1.898438
0.503906
8.312500
7.625000
5.031250
9.687500
7.562500
2.843750
8.625000
1.562500
9.187500
6.000000
4.500000
9.750000
2.609375
1.851562
0.890625
0.734375
8.500000
9.000000
1.781250
5.718750
9.500000
3.171875
6.718750
3.750000
2.640625
0.742188
3.296875
8.312500
5.250000
9.000000
7.093750
0.472656
8.875000
9.000000
1.914062
0.353516
10.000000
7.593750
10.000000
8.625000
0.225586
7.000000
5.656250
5.531250
8.812500
10.000000
4.281250
8.187500
2.937500
5.968750
5.875000
7.250000
6.218750
9.312500
9.437500
4.625000
9.812500
0.847656
2.343750
4.593750
7.937500
9.375000
8.625000
1.476562
9.187500
5.625000
4.312500
6.156250
6.906250
5.156250
3.796875
0.437500
0.539062
5.500000
10.000000
1.554688
2.125000
9.625000
3.031250
7.906250
1.664062
0.996094
2.328125
7.625000
1.492188
2.843750
10.000000
5.343750
3.859375
10.000000
9.625000
6.875000
9.312500
2.859375
2.265625
2.703125
9.375000
4.781250
1.046875
5.281250
0.328125
9.562500
8.375000
0.421875
4.718750
2.296875
3.515625
7.656250
2.718750
6.718750
3.453125
8.437500
9.000000
9.750000
1.640625
1.148438
5.750000
9.500000
6.406250
9.375000
6.718750
8.937500
6.125000
2.453125
7.843750
8.937500
2.921875
3.406250
4.125000
3.281250
8.375000
6.156250
7.468750
5.781250
1.328125
0.225586
3.281250
0.871094
9.125000
1.687500
1.640625
0.225586
9.062500
2.140625
0.225586
7.062500
0.225586
5.156250
3.437500
7.687500
8.250000
10.000000
9.062500
1.375000
5.812500
4.843750
5.406250
3.656250
8.250000
5.187500
2.218750
0.570312
5.562500
9.000000
4.812500
1.375000
10.000000
0.980469
2.750000
4.812500
7.062500
0.843750
7.406250
1.851562
8.562500
3.500000
0.225586
0.427734
2.031250
7.187500
7.968750
1.664062
8.187500
0.225586
5.437500
4.406250
0.367188
5.281250
9.312500
1.140625
6.531250
5.031250
7.093750
2.015625
5.406250
0.225586
3.343750
9.687500
3.984375
3.531250
2.171875
9.250000
0.225586
5.312500
0.957031
7.843750
5.093750
7.093750
5.562500
3.843750
9.312500
2.421875
1.203125
6.531250
1.210938
0.408203
2.046875
9.937500
4.250000
0.871094
0.980469
0.511719
9.750000
4.250000
0.796875
9.187500
6.500000
9.250000
7.375000
9.500000
3.750000
1.242188
9.937500
8.187500
0.225586
0.777344
8.250000
3.125000
1.640625
0.243164
0.746094
3.687500
9.125000
4.937500
9.250000
0.929688
9.937500
10.000000
2.390625
2.093750
3.625000
8.750000
8.187500
6.218750
4.250000
0.225586
7.937500
1.156250
5.937500
0.225586
5.968750
1.140625
4.187500
1.210938
0.225586
2.359375
8.250000
10.000000
5.843750
0.648438
10.000000
6.625000
4.468750
0.225586
2.765625
0.773438
1.679688
3.234375
1.781250
0.539062
7.218750
3.437500
0.225586
7.218750
3.078125
9.312500
3.687500
1.929688
9.187500
6.468750
7.593750
